0 0.878906 0.30857749999999995 0.043749999999999956 0.060669000000000015
0 0.8890624999999999 0.548117 0.160937 0.41213399999999994
0 0.803906 0.32112949999999996 0.029687999999999937 0.0648529999999999
0 0.7722654999999999 0.407427 0.04140699999999997 0.09728000000000006
0 0.651172 0.34361899999999995 0.10234399999999999 0.16004199999999996
0 0.589453 0.3666315 0.07734399999999997 0.13075300000000006
0 0.448828 0.6919455000000001 0.239844 0.6140170000000001
0 0.3289065 0.38232249999999995 0.02812500000000001 0.118201
0 0.31640650000000003 0.377615 0.05781300000000006 0.14016800000000001
0 0.27812499999999996 0.3096235 0.039061999999999986 0.06066899999999994
0 0.2222655 0.338912 0.04140700000000003 0.08995799999999997
0 0.196875 0.6778244999999999 0.39375 0.6422590000000001