0 0.8525 0.391032 0.03500000000000003 0.177268
0 0.7871874999999999 0.6110535 0.08562499999999995 0.24191900000000002
0 0.6834375 0.3581855 0.026874999999999982 0.115745
0 0.6628125 0.39676750000000005 0.04437500000000005 0.13660100000000003
0 0.6268750000000001 0.48905150000000003 0.05500000000000005 0.17309700000000003
0 0.525 0.6058395 0.09749999999999998 0.24817499999999995
0 0.4428125 0.3717415 0.02562500000000001 0.142857
0 0.41500000000000004 0.426486 0.058750000000000024 0.1626699999999999
0 0.316875 0.6882170000000001 0.09375 0.319082
0 0.1746875 0.383733 0.049375 0.15849799999999994
0 0.140625 0.44473399999999996 0.06624999999999999 0.18248199999999995