Dress 0.0 272.871675 403.2 764.1998100000001
Dress 206.399488 224.858745 248.80025600000002 293.67661499999997
Dress 264.800256 213.65608500000002 304.799744 260.06786999999997
Dress 294.4 235.261215 353.60051200000004 342.489735
Dress 322.400256 247.26482999999996 351.200256 337.68859499999996
Dress 336.799744 294.47680499999996 582.4 764.1998100000001
Dress 563.9997440000001 230.460075 643.2 330.48612
Dress 614.4 201.65247 719.200256 324.08459999999997
Dress 769.599488 274.47205499999995 812.0002559999999 348.891255
Dress 807.999488 220.85779500000004 838.4 270.47033999999996
Dress 828.0002559999999 261.66825 992.7997439999999 576.95076
Dress 877.599744 212.85589499999998 922.3997439999999 259.26768
