Dress 5.000192 277.000212 122.00038400000001 465.00005999999996
Dress 209.999872 289.999751 270.00012799999996 474.999863
Dress 371.999744 302.000061 442.000384 467.999796
Dress 412.99967999999996 310.00004 497.999872 521.999825
Dress 487.00006399999995 317.000107 597.000192 551.0000050000001
Dress 499.999744 296.999818 561.000448 388.000006
Dress 501.999616 278.000124 533.9996160000001 347.000199
Dress 748.0002559999999 294.000082 833.000448 536.999871
Dress 853.9996160000001 286.00010299999997 1022.999552 682.000088
Dress 945.9998720000001 348.000111 1022.999552 682.000088
